#doc name topic proportion ...
0	file:/Users/sanalp139/Desktop/mallet-2.0.7/sample-data/Title2/Chapter1.txt	0	0.81977693740554	4	0.11483145603177193	3	0.03388493809465792	2	0.026616409076045996	1	0.004890259391984049	
1	file:/Users/sanalp139/Desktop/mallet-2.0.7/sample-data/Title2/Chapter10.txt	4	0.9080879915746658	0	0.05119965954173565	1	0.022176454734235723	2	0.01742153038331032	3	0.0011143637660525438	
2	file:/Users/sanalp139/Desktop/mallet-2.0.7/sample-data/Title2/Chapter10A.txt	4	0.9546709732970022	0	0.019091497670895904	3	0.012211573572189943	2	0.009117859091937712	1	0.004908096367974169	
3	file:/Users/sanalp139/Desktop/mallet-2.0.7/sample-data/Title2/Chapter11.txt	0	0.4257737703990753	3	0.34875468857410513	4	0.22392451838381147	2	0.0010056736962626611	1	5.413489467454522E-4	
4	file:/Users/sanalp139/Desktop/mallet-2.0.7/sample-data/Title2/Chapter12.txt	0	0.9828629155994039	4	0.016918436295144248	3	1.0176405799796647E-4	2	7.59828646131505E-5	1	4.0901182840808995E-5	
5	file:/Users/sanalp139/Desktop/mallet-2.0.7/sample-data/Title2/Chapter13.txt	3	0.45019086842195793	2	0.3019393014753431	4	0.20334878396051445	0	0.03541615942972767	1	0.009104886712456824	
6	file:/Users/sanalp139/Desktop/mallet-2.0.7/sample-data/Title2/Chapter14.txt	4	0.9874503775180717	0	0.0052855996656224445	3	0.003380849962771	2	0.0025243359006353414	1	0.0013588369528994431	
7	file:/Users/sanalp139/Desktop/mallet-2.0.7/sample-data/Title2/Chapter15.txt	3	0.6262748779458736	4	0.19944177399564572	0	0.15546073395334045	2	0.018776684872588604	1	4.592923255175242E-5	
8	file:/Users/sanalp139/Desktop/mallet-2.0.7/sample-data/Title2/Chapter16.txt	0	0.7811522520560077	4	0.21865247708266583	3	9.088372943486759E-5	2	6.785898916615273E-5	1	3.652814272544453E-5	
9	file:/Users/sanalp139/Desktop/mallet-2.0.7/sample-data/Title2/Chapter17.txt	0	0.29322196645346965	3	0.27559767103051647	2	0.2205867076508328	4	0.20658922144651065	1	0.004004433418670483	
10	file:/Users/sanalp139/Desktop/mallet-2.0.7/sample-data/Title2/Chapter17A.txt	2	0.9637787017321848	0	0.021038224565361092	4	0.015153817430162406	3	2.0868692141044322E-5	1	8.387580150611368E-6	
11	file:/Users/sanalp139/Desktop/mallet-2.0.7/sample-data/Title2/Chapter17B.txt	2	0.9051983153449855	0	0.09431243681048665	4	3.2144462115497885E-4	3	1.196951468708913E-4	1	4.8108076502036125E-5	
12	file:/Users/sanalp139/Desktop/mallet-2.0.7/sample-data/Title2/Chapter18.txt	0	0.5299426841167693	4	0.42745595830014244	3	0.019827690776999217	2	0.014804487689850671	1	0.007969179116238394	
13	file:/Users/sanalp139/Desktop/mallet-2.0.7/sample-data/Title2/Chapter19.txt	3	0.8114899933134271	4	0.0913067047829539	0	0.08464117865436377	2	0.012520284590625813	1	4.183865862946199E-5	
14	file:/Users/sanalp139/Desktop/mallet-2.0.7/sample-data/Title2/Chapter19A.txt	3	0.622324444104206	4	0.35731735620529254	0	0.019858017790704265	2	3.2515346963166495E-4	1	1.7502843016564096E-4	
15	file:/Users/sanalp139/Desktop/mallet-2.0.7/sample-data/Title2/Chapter2.txt	4	0.6387119148292653	0	0.2247490875523199	3	0.13641006211127601	2	8.381716236018849E-5	1	4.5118344778732044E-5	
16	file:/Users/sanalp139/Desktop/mallet-2.0.7/sample-data/Title2/Chapter20.txt	2	0.9067072871844981	0	0.034534690980282536	4	0.03352802942472668	1	0.02065707336228919	3	0.0045729190482033735	
17	file:/Users/sanalp139/Desktop/mallet-2.0.7/sample-data/Title2/Chapter20A.txt	2	0.9941644562106094	3	0.0035875035056382714	4	0.002125674858518174	0	9.734078114287127E-5	1	2.5024644091249824E-5	
18	file:/Users/sanalp139/Desktop/mallet-2.0.7/sample-data/Title2/Chapter21.txt	3	0.5125234063485199	4	0.45160324055441187	0	0.020680214580353528	2	0.009876610299785388	1	0.00531652821692938	
19	file:/Users/sanalp139/Desktop/mallet-2.0.7/sample-data/Title2/Chapter22.txt	3	0.7435498432788099	4	0.2113533807001029	0	0.04487681079566216	2	1.4299289173447382E-4	1	7.697233369055547E-5	
20	file:/Users/sanalp139/Desktop/mallet-2.0.7/sample-data/Title2/Chapter22A.txt	3	0.713091226042165	4	0.21008697802377746	0	0.058944561801520565	2	0.017817693282533454	1	5.95408500035632E-5	
21	file:/Users/sanalp139/Desktop/mallet-2.0.7/sample-data/Title2/Chapter22B.txt	3	0.8850259757029203	2	0.08014373568651867	4	0.026814925574869728	0	0.007896615210853861	1	1.1874782483730061E-4	
22	file:/Users/sanalp139/Desktop/mallet-2.0.7/sample-data/Title2/Chapter23.txt	4	0.7012510581606043	0	0.27032803218654605	3	0.013227771136134835	2	0.009876610299785388	1	0.00531652821692938	
23	file:/Users/sanalp139/Desktop/mallet-2.0.7/sample-data/Title2/Chapter24.txt	0	0.7825818249332267	4	0.16338603915043073	1	0.03367469999388377	2	0.010531990505831054	3	0.009825445416627852	
24	file:/Users/sanalp139/Desktop/mallet-2.0.7/sample-data/Title2/Chapter25.txt	0	0.6986983662304657	3	0.1517186454853433	2	0.14928770113635684	4	2.568469015902187E-4	1	3.8440246244020235E-5	
25	file:/Users/sanalp139/Desktop/mallet-2.0.7/sample-data/Title2/Chapter26.txt	0	0.8796643931324286	2	0.0831346205440527	4	0.019432271514692404	3	0.017735543584291105	1	3.317122453516973E-5	
26	file:/Users/sanalp139/Desktop/mallet-2.0.7/sample-data/Title2/Chapter27.txt	3	0.9335786628207805	0	0.044585410730608274	4	0.01723743752685909	2	0.004541800917893585	1	5.668800385849365E-5	
27	file:/Users/sanalp139/Desktop/mallet-2.0.7/sample-data/Title2/Chapter28.txt	1	0.8391812773795662	4	0.07408064544417081	3	0.0718203178376083	2	0.013746286987154022	0	0.0011714723515005843	
28	file:/Users/sanalp139/Desktop/mallet-2.0.7/sample-data/Title2/Chapter29.txt	1	0.8583177615824801	0	0.08695143198227923	4	0.05462861947453277	3	5.850430287818626E-5	2	4.368265782963183E-5	
29	file:/Users/sanalp139/Desktop/mallet-2.0.7/sample-data/Title2/Chapter3.txt	4	0.9951242796273488	0	0.002053536352066741	3	0.0013135119454068885	2	9.80743125609259E-4	1	5.279289495682988E-4	
30	file:/Users/sanalp139/Desktop/mallet-2.0.7/sample-data/Title2/Chapter30.txt	1	0.8644943592673774	4	0.10054564510495935	2	0.020483149170125104	3	0.013706377947162646	0	7.704685103755658E-4	
31	file:/Users/sanalp139/Desktop/mallet-2.0.7/sample-data/Title2/Chapter31.txt	1	0.9341441829679031	4	0.03941401281697823	2	0.024789476231718982	3	0.0014817653377483852	0	1.7056264565126647E-4	
32	file:/Users/sanalp139/Desktop/mallet-2.0.7/sample-data/Title2/Chapter4.txt	4	0.998361064001868	0	6.9028049060269E-4	3	4.4152696355992865E-4	2	3.296692776923252E-4	1	1.7745926627722256E-4	
33	file:/Users/sanalp139/Desktop/mallet-2.0.7/sample-data/Title2/Chapter41.txt	1	0.6564697805197841	4	0.20302253129405862	3	0.1252447875824691	2	0.015113375855880719	0	1.495247478075271E-4	
34	file:/Users/sanalp139/Desktop/mallet-2.0.7/sample-data/Title2/Chapter43.txt	4	0.826299021705299	0	0.14537660828889426	3	0.01731266595985762	2	0.01097502912106864	1	3.66749248805888E-5	
35	file:/Users/sanalp139/Desktop/mallet-2.0.7/sample-data/Title2/Chapter45.txt	3	0.8289847256459357	4	0.08508869316380994	0	0.049534821357857695	2	0.02365720746852536	1	0.01273455236387129	
36	file:/Users/sanalp139/Desktop/mallet-2.0.7/sample-data/Title2/Chapter47.txt	0	0.6745484288145301	4	0.26391172768508814	3	0.05051641826222087	2	0.010979905072451314	1	4.3520165709552535E-5	
37	file:/Users/sanalp139/Desktop/mallet-2.0.7/sample-data/Title2/Chapter49.txt	1	0.8148270294264973	4	0.16784288358559915	3	0.009503083542928122	0	0.007715979458699967	2	1.1102398627550363E-4	
38	file:/Users/sanalp139/Desktop/mallet-2.0.7/sample-data/Title2/Chapter5.txt	3	0.6260324652714273	1	0.2551711854442316	4	0.07116675544376103	2	0.031257275474354335	0	0.016372318366225862	
39	file:/Users/sanalp139/Desktop/mallet-2.0.7/sample-data/Title2/Chapter51.txt	4	0.9593106062099204	2	0.03765768474133179	0	0.002837087016752976	3	1.3882518008717136E-4	1	5.5796851907842514E-5	
40	file:/Users/sanalp139/Desktop/mallet-2.0.7/sample-data/Title2/Chapter53.txt	4	0.9018904352315323	0	0.08974663686386723	3	0.0046185129779272565	2	0.0036872194282333093	1	5.719549843988199E-5	
41	file:/Users/sanalp139/Desktop/mallet-2.0.7/sample-data/Title2/Chapter55.txt	4	0.5053936689519909	1	0.392594363425094	0	0.09173684615160227	3	0.010236131372508105	2	3.899009880472312E-5	
42	file:/Users/sanalp139/Desktop/mallet-2.0.7/sample-data/Title2/Chapter6.txt	0	0.4821524567189567	4	0.3747608651704074	2	0.14282604523442194	3	1.859111509942874E-4	1	7.472172521966987E-5	
43	file:/Users/sanalp139/Desktop/mallet-2.0.7/sample-data/Title2/Chapter61.txt	4	0.9995386732645763	0	1.94299744236109E-4	3	1.242807485666257E-4	2	9.279511330559972E-5	1	4.995112931539882E-5	
44	file:/Users/sanalp139/Desktop/mallet-2.0.7/sample-data/Title2/Chapter63.txt	4	0.9173370240715615	0	0.05320629224890278	1	0.029338739029795963	3	6.752592956520728E-5	2	5.0418720174590614E-5	
45	file:/Users/sanalp139/Desktop/mallet-2.0.7/sample-data/Title2/Chapter65.txt	4	0.8835844815199997	1	0.1159918878900223	0	2.000879830041778E-4	3	1.279831036562124E-4	2	9.555950331771477E-5	
46	file:/Users/sanalp139/Desktop/mallet-2.0.7/sample-data/Title2/Chapter7.txt	0	0.6475102436849497	4	0.28441383393950725	3	0.03168416254314631	2	0.02365720746852536	1	0.01273455236387129	
47	file:/Users/sanalp139/Desktop/mallet-2.0.7/sample-data/Title2/Chapter8.txt	4	0.8016641056671873	3	0.14456373989934745	0	0.030998487627376246	2	0.014804487689850671	1	0.007969179116238394	
48	file:/Users/sanalp139/Desktop/mallet-2.0.7/sample-data/Title2/Chapter8A.txt	4	0.4837389747152046	0	0.4481851029092524	3	0.03168416254314631	2	0.02365720746852536	1	0.01273455236387129	
49	file:/Users/sanalp139/Desktop/mallet-2.0.7/sample-data/Title2/Chapter9.txt	4	0.8228320628826303	0	0.16913562534307125	1	0.006369943148265115	3	9.517429319649141E-4	2	7.10625694068313E-4	
50	file:/Users/sanalp139/Desktop/mallet-2.0.7/sample-data/Title2/Chapter9A.txt	3	0.5348286464941585	4	0.35649935411352224	0	0.10789182138598087	2	5.071706629008698E-4	1	2.730073434374386E-4	
51	file:/Users/sanalp139/Desktop/mallet-2.0.7/sample-data/Title2/Chapter9B.txt	4	0.9019358973352859	0	0.041302245465995695	3	0.026418325995112287	2	0.019725432799002608	1	0.010618098404603492	
52	file:/Users/sanalp139/Desktop/mallet-2.0.7/sample-data/Title2/Chapter9C.txt	4	0.814194710115958	3	0.18326973341651415	0	0.0014616936333549239	2	6.980864892977902E-4	1	3.757763448750749E-4	
53	file:/Users/sanalp139/Desktop/mallet-2.0.7/sample-data/Title2/Chapter9D.txt	0	0.6907339080230295	4	0.18119651175798507	2	0.12672891506474815	3	0.0013021321701073153	1	3.853298413005959E-5	
