#doc name topic proportion ...
0	file:/Users/sanalp139/Desktop/mallet-2.0.7/sample-data/Title2/Chapter1.txt	4	0.8324576296196873	2	0.1172121407511044	3	0.030538725309276062	1	0.019647084925678238	0	1.4441939425407474E-4	
1	file:/Users/sanalp139/Desktop/mallet-2.0.7/sample-data/Title2/Chapter10.txt	2	0.9422820786103137	3	0.028700741915126532	0	0.026748288150288072	4	0.0021239861304173354	1	1.4490519385434325E-4	
2	file:/Users/sanalp139/Desktop/mallet-2.0.7/sample-data/Title2/Chapter10A.txt	0	0.6852538744809938	2	0.28111163132495864	4	0.012947518941300602	1	0.012400014088983806	3	0.008286961163763158	
3	file:/Users/sanalp139/Desktop/mallet-2.0.7/sample-data/Title2/Chapter11.txt	4	0.3693131652681329	2	0.319480193474011	1	0.3007924683437176	0	0.009573920848571792	3	8.402520655665868E-4	
4	file:/Users/sanalp139/Desktop/mallet-2.0.7/sample-data/Title2/Chapter12.txt	4	0.9793367271376474	2	0.01912219152765706	1	7.47735117443524E-4	0	7.293362566674065E-4	3	6.400996058462403E-5	
5	file:/Users/sanalp139/Desktop/mallet-2.0.7/sample-data/Title2/Chapter13.txt	0	0.5333180901220245	2	0.22752995756212657	3	0.1877967789121523	4	0.026232220689236783	1	0.02512295271445987	
6	file:/Users/sanalp139/Desktop/mallet-2.0.7/sample-data/Title2/Chapter14.txt	0	0.9840990640013384	2	0.007209295996015792	4	0.003345826249563172	1	0.0032043430731376558	3	0.0021414706799451223	
7	file:/Users/sanalp139/Desktop/mallet-2.0.7/sample-data/Title2/Chapter15.txt	1	0.6256457110598892	2	0.27354593254872656	4	0.09394467989549703	3	0.006775289147350558	0	8.838734853669627E-5	
8	file:/Users/sanalp139/Desktop/mallet-2.0.7/sample-data/Title2/Chapter16.txt	4	0.6929128431966297	2	0.3062843867435187	1	6.751116012296711E-4	0	6.986544345275314E-5	3	5.779301516916862E-5	
9	file:/Users/sanalp139/Desktop/mallet-2.0.7/sample-data/Title2/Chapter17.txt	1	0.4081780924152103	2	0.3609956245922334	3	0.21081744684082362	4	0.019939541755081926	0	6.929439665079766E-5	
10	file:/Users/sanalp139/Desktop/mallet-2.0.7/sample-data/Title2/Chapter17A.txt	3	0.9526074867136346	2	0.03554687575623508	4	0.011674143131139075	1	1.5541130982664936E-4	0	1.608308916456947E-5	
11	file:/Users/sanalp139/Desktop/mallet-2.0.7/sample-data/Title2/Chapter17B.txt	3	0.9001049313053239	4	0.0978807637834475	2	0.0018082273851304678	1	1.1398693413286117E-4	0	9.209059196528587E-5	
12	file:/Users/sanalp139/Desktop/mallet-2.0.7/sample-data/Title2/Chapter18.txt	0	0.7475037697022294	2	0.19430280840518785	4	0.022401420038201586	1	0.021454143094618287	3	0.014337858759762859	
13	file:/Users/sanalp139/Desktop/mallet-2.0.7/sample-data/Title2/Chapter19.txt	1	0.7879965957150402	2	0.1307566548597575	4	0.08110157245796523	0	7.945304451141948E-5	3	6.572392272569408E-5	
14	file:/Users/sanalp139/Desktop/mallet-2.0.7/sample-data/Title2/Chapter19A.txt	1	0.5741083091536415	2	0.41636705456186757	4	0.00608566455137678	3	0.003103542833460309	0	3.3542889965390836E-4	
15	file:/Users/sanalp139/Desktop/mallet-2.0.7/sample-data/Title2/Chapter2.txt	2	0.6858416726275433	4	0.21145100277131954	1	0.1025519550157054	0	8.503130229239086E-5	3	7.033828313938309E-5	
16	file:/Users/sanalp139/Desktop/mallet-2.0.7/sample-data/Title2/Chapter20.txt	3	0.9053408024139945	2	0.05639794599390054	4	0.02250331294829704	0	0.014682069939930787	1	0.0010758687038771955	
17	file:/Users/sanalp139/Desktop/mallet-2.0.7/sample-data/Title2/Chapter20A.txt	3	0.997643487859105	2	0.0013650563975152637	1	8.799368044470746E-4	4	6.287215324200367E-5	0	4.864678569072774E-5	
18	file:/Users/sanalp139/Desktop/mallet-2.0.7/sample-data/Title2/Chapter21.txt	0	0.471868225584655	1	0.2900991209824409	2	0.21484066564860005	4	0.014141090322813379	3	0.009050897461490787	
19	file:/Users/sanalp139/Desktop/mallet-2.0.7/sample-data/Title2/Chapter22.txt	1	0.7512850359324145	2	0.24061902547596378	0	0.007776207076956767	4	1.9495319978516572E-4	3	1.2477831487989633E-4	
20	file:/Users/sanalp139/Desktop/mallet-2.0.7/sample-data/Title2/Chapter22A.txt	1	0.7058440185040681	2	0.2648367385228806	3	0.025194998475182806	4	0.004009661294788021	0	1.1458320308064414E-4	
21	file:/Users/sanalp139/Desktop/mallet-2.0.7/sample-data/Title2/Chapter22B.txt	1	0.8190390196181384	3	0.11553076644186336	2	0.06491571946132345	4	2.9006172417871476E-4	0	2.2443275449611792E-4	
22	file:/Users/sanalp139/Desktop/mallet-2.0.7/sample-data/Title2/Chapter23.txt	0	0.9327949046356764	2	0.03046999402819148	4	0.014141090322813379	1	0.013543113551828042	3	0.009050897461490787	
23	file:/Users/sanalp139/Desktop/mallet-2.0.7/sample-data/Title2/Chapter24.txt	4	0.7139544965788853	2	0.23080335902964688	1	0.033177830603393514	0	0.015208956965859548	3	0.006855356822214735	
24	file:/Users/sanalp139/Desktop/mallet-2.0.7/sample-data/Title2/Chapter25.txt	1	0.527694906036781	4	0.3091024588146258	3	0.1592089331862807	2	0.0039202023079027365	0	7.34996544098457E-5	
25	file:/Users/sanalp139/Desktop/mallet-2.0.7/sample-data/Title2/Chapter26.txt	4	0.8163674187706718	3	0.08890156587879373	2	0.0668188258827116	1	0.02784628120252774	0	6.590826529517945E-5	
26	file:/Users/sanalp139/Desktop/mallet-2.0.7/sample-data/Title2/Chapter27.txt	1	0.9454711373844662	2	0.03318318093090135	4	0.021147597258871713	0	1.084084548431628E-4	3	8.967597091763897E-5	
27	file:/Users/sanalp139/Desktop/mallet-2.0.7/sample-data/Title2/Chapter28.txt	0	0.7107575047911087	2	0.1972333826512772	1	0.07852691353042594	3	0.013425149132338061	4	5.704989485015886E-5	
28	file:/Users/sanalp139/Desktop/mallet-2.0.7/sample-data/Title2/Chapter29.txt	0	0.80070306645803	2	0.11930813555831257	4	0.0795131808096522	1	4.3811249749344916E-4	3	3.750467651173945E-5	
29	file:/Users/sanalp139/Desktop/mallet-2.0.7/sample-data/Title2/Chapter3.txt	0	0.9429007028804207	2	0.04523235644672225	1	0.00973215157956871	4	0.0013016670097065973	3	8.331220835817318E-4	
30	file:/Users/sanalp139/Desktop/mallet-2.0.7/sample-data/Title2/Chapter30.txt	0	0.7724325150280208	2	0.19394435346828617	1	0.01827287395116949	3	0.015330676053764734	4	1.9581498758711656E-5	
31	file:/Users/sanalp139/Desktop/mallet-2.0.7/sample-data/Title2/Chapter31.txt	0	0.8826187116368036	2	0.09128633083521306	3	0.020144264699352297	1	0.005840717755436465	4	1.0997507319456516E-4	
32	file:/Users/sanalp139/Desktop/mallet-2.0.7/sample-data/Title2/Chapter4.txt	0	0.9979684375466071	2	9.210863475039825E-4	4	4.2747514893218985E-4	1	4.0939873449740165E-4	3	2.736022224593928E-4	
33	file:/Users/sanalp139/Desktop/mallet-2.0.7/sample-data/Title2/Chapter41.txt	0	0.5415860778376024	2	0.33193968296561727	1	0.12632082250511115	4	9.354434445629568E-5	3	5.987234721288894E-5	
34	file:/Users/sanalp139/Desktop/mallet-2.0.7/sample-data/Title2/Chapter43.txt	2	0.90798411480865	4	0.06434766228828602	1	0.015858251644949955	3	0.011740636382163392	0	6.933487595053526E-5	
35	file:/Users/sanalp139/Desktop/mallet-2.0.7/sample-data/Title2/Chapter45.txt	0	0.8105311716968038	2	0.08590292202742006	4	0.0398674505239292	1	0.03818159683178095	3	0.025516858920066054	
36	file:/Users/sanalp139/Desktop/mallet-2.0.7/sample-data/Title2/Chapter47.txt	4	0.6445107386362516	2	0.28755132614799245	1	0.040160930811858515	3	0.027695027033093605	0	8.197737080382408E-5	
37	file:/Users/sanalp139/Desktop/mallet-2.0.7/sample-data/Title2/Chapter49.txt	0	0.6582797886073913	2	0.2821141282176295	4	0.02975924588990926	1	0.02879780071679336	3	0.0010490365682766037	
38	file:/Users/sanalp139/Desktop/mallet-2.0.7/sample-data/Title2/Chapter5.txt	1	0.6210426247757509	0	0.21725949854556495	2	0.13284185318660752	3	0.02883536334048851	4	2.0660151588056434E-5	
39	file:/Users/sanalp139/Desktop/mallet-2.0.7/sample-data/Title2/Chapter51.txt	2	0.9772340325280696	3	0.022392142354810417	4	1.3685934099024263E-4	1	1.3107204277374663E-4	0	1.0589373335600404E-4	
40	file:/Users/sanalp139/Desktop/mallet-2.0.7/sample-data/Title2/Chapter53.txt	2	0.9107848716018985	4	0.08795452206304896	1	0.0010601416320072312	0	1.0971114273255267E-4	3	9.075356031278985E-5	
41	file:/Users/sanalp139/Desktop/mallet-2.0.7/sample-data/Title2/Chapter55.txt	2	0.69196224556285	0	0.24053732624720492	4	0.05495512545287871	1	0.008807090943422347	3	0.003738211793644008	
42	file:/Users/sanalp139/Desktop/mallet-2.0.7/sample-data/Title2/Chapter6.txt	4	0.5275281214811957	2	0.3215396875261817	3	0.1470622953935544	0	0.00369579807276286	1	1.740975263054908E-4	
43	file:/Users/sanalp139/Desktop/mallet-2.0.7/sample-data/Title2/Chapter61.txt	2	0.9995904632412177	4	1.2147029112182161E-4	1	1.1633374147836917E-4	0	9.398658889967493E-5	3	7.774613728245481E-5	
44	file:/Users/sanalp139/Desktop/mallet-2.0.7/sample-data/Title2/Chapter63.txt	2	0.9672070444971325	4	0.03176649419278652	1	9.322856165574068E-4	0	5.154085880032532E-5	3	4.263483472331413E-5	
45	file:/Users/sanalp139/Desktop/mallet-2.0.7/sample-data/Title2/Chapter65.txt	2	0.9420968797268833	0	0.05757591038790069	4	1.2595867094577725E-4	1	1.2063232357012628E-4	3	8.06188907001534E-5	
46	file:/Users/sanalp139/Desktop/mallet-2.0.7/sample-data/Title2/Chapter7.txt	4	0.5596568345880479	0	0.29074178763268504	2	0.08590292202742006	1	0.03818159683178095	3	0.025516858920066054	
47	file:/Users/sanalp139/Desktop/mallet-2.0.7/sample-data/Title2/Chapter8.txt	0	0.7475037697022294	1	0.16748831596992478	2	0.04826863552988136	4	0.022401420038201586	3	0.014337858759762859	
48	file:/Users/sanalp139/Desktop/mallet-2.0.7/sample-data/Title2/Chapter8A.txt	2	0.3457976140594794	4	0.29976214255598854	0	0.29074178763268504	1	0.03818159683178095	3	0.025516858920066054	
49	file:/Users/sanalp139/Desktop/mallet-2.0.7/sample-data/Title2/Chapter9.txt	2	0.9968815815919774	4	9.249357566544677E-4	1	8.858234898838612E-4	0	7.156610551967002E-4	3	5.919981062874978E-4	
50	file:/Users/sanalp139/Desktop/mallet-2.0.7/sample-data/Title2/Chapter9A.txt	2	0.7421798900705998	1	0.18257452665066504	4	0.06997426276909863	0	0.004846011847776981	3	4.2530866185949196E-4	
51	file:/Users/sanalp139/Desktop/mallet-2.0.7/sample-data/Title2/Chapter9B.txt	2	0.6870312285604679	0	0.23076673746736193	4	0.031643478439954194	1	0.030305387484567143	3	0.02025316804764882	
52	file:/Users/sanalp139/Desktop/mallet-2.0.7/sample-data/Title2/Chapter9C.txt	2	0.9541209184188454	1	0.019206321256198495	0	0.019034081741126	4	0.007039454278311318	3	5.992243055187519E-4	
53	file:/Users/sanalp139/Desktop/mallet-2.0.7/sample-data/Title2/Chapter9D.txt	4	0.612671745169286	2	0.31060545582993987	3	0.07149751562876581	1	0.005150250391364393	0	7.503298064389723E-5	
